image: map0611.pgm
resolution: 0.050000
origin: [-37.50000, -65.5500, 0.0]
negate: 0
occupied_thresh: 0.65
free_thresh: 0.196
